,Frecuencia,Potencia
0,88.20156250000001,-51.35771260414021
1,88.20390625,-51.81495546615822
2,88.20625,-51.31749935804393
3,88.20859375,-51.53772117232978
4,88.2109375,-51.59692919205426
5,88.21328125000001,-50.91287799552062
6,88.215625,-51.478946118972964
7,88.21796875,-51.51964734122358
8,88.2203125,-51.45802341977703
9,88.22265625,-50.63577377790126
10,88.22500000000001,-50.63598760777172
11,88.22734375,-51.498581508166794
12,88.2296875,-50.96704763473816
13,88.23203125,-50.83667616605073
14,88.234375,-50.918474449355095
15,88.23671875000001,-50.89530267331376
16,88.2390625,-51.689382140854306
17,88.24140625,-52.03496699648488
18,88.24375,-51.18983172826623
19,88.24609375,-51.518123786184404
20,88.24843750000001,-51.001993742790425
21,88.25078125,-51.39897202446573
22,88.253125,-51.15456410214688
23,88.25546875,-50.86183559408919
24,88.2578125,-51.505588289584765
25,88.26015625000001,-50.9819486917191
26,88.2625,-51.1238394601931
27,88.26484375,-50.9302810285085
28,88.2671875,-50.571666693704586
29,88.26953125,-50.44693666771789
30,88.27187500000001,-51.25324581231729
31,88.27421875,-50.879419770964
32,88.2765625,-50.90862450479364
33,88.27890625,-51.04292128621524
34,88.28125,-50.76393276737755
35,88.28359375000001,-50.94874926746439
36,88.2859375,-50.849966683942796
37,88.28828125,-50.02011623489936
38,88.290625,-50.56530796043964
39,88.29296875,-51.26461531863211
40,88.29531250000001,-51.62552953844966
41,88.29765625,-51.00144214271821
42,88.3,-50.883970511498006
43,88.30234375,-51.11384037065846
44,88.3046875,-51.291306887691945
45,88.30703125000001,-50.858378809893416
46,88.309375,-51.33284364624343
47,88.31171875,-50.8728947912834
48,88.3140625,-50.13091641629772
49,88.31640625,-49.60848017405133
50,88.31875000000001,-50.01732561080879
51,88.32109375,-50.78276404333408
52,88.3234375,-50.69597154711161
53,88.32578125,-50.447421497670284
54,88.328125,-50.429765061508256
55,88.33046875000001,-50.42265578811299
56,88.3328125,-51.09571244665152
57,88.33515625,-50.64275455547508
58,88.3375,-51.05868220027446
59,88.33984375,-51.3611589881442
60,88.34218750000001,-51.07288834399895
61,88.34453125,-50.537066857552084
62,88.346875,-49.69544753584642
63,88.34921875,-49.38678292839274
64,88.3515625,-49.743100710289866
65,88.35390625000001,-50.09304528265827
66,88.35625,-49.33476282246438
67,88.35859375,-49.38653778224898
68,88.3609375,-50.05888418443977
69,88.36328125,-50.18929660932318
70,88.36562500000001,-50.14725426816868
71,88.36796875,-49.90630525456307
72,88.3703125,-49.96196583948901
73,88.37265625,-49.74765390122218
74,88.375,-49.36300878982468
75,88.37734375000001,-49.227383434928164
76,88.3796875,-49.298489151524024
77,88.38203125,-49.23847056072913
78,88.384375,-49.68107608801246
79,88.38671875,-50.68175732885322
80,88.38906250000001,-49.99054495823093
