,Frecuencia,Potencia
0,85.70156250000001,-49.21000982760947
1,85.70390625,-49.03466565263065
2,85.70625000000001,-48.72879690724376
3,85.70859375,-49.086855750469944
4,85.7109375,-48.88288807241685
5,85.71328125000001,-48.896668803454766
6,85.715625,-48.58826675269696
7,85.71796875000001,-48.583685461202336
8,85.7203125,-48.61165777088789
9,85.72265625,-49.09057490002358
10,85.72500000000001,-48.85986681469265
11,85.72734375,-48.406361843531265
12,85.72968750000001,-48.2807097357923
13,85.73203125,-48.601355039397454
14,85.734375,-48.773829501713564
15,85.73671875000001,-48.34741023241388
16,85.7390625,-48.1193315372441
17,85.74140625000001,-48.49493320934584
18,85.74375,-48.78426473796711
19,85.74609375,-48.77225997211444
20,85.74843750000001,-48.978401481139564
21,85.75078125,-48.99630802707293
22,85.75312500000001,-49.01975696169479
23,85.75546875,-48.533733963148876
24,85.7578125,-48.84131830432441
25,85.76015625000001,-49.18826367139446
26,85.7625,-49.11150117748696
27,85.76484375000001,-49.10609817318219
28,85.7671875,-48.90897583034378
29,85.76953125,-48.74528420717543
30,85.77187500000001,-48.71167026868014
31,85.77421875,-48.5183164257688
32,85.77656250000001,-48.35090066417056
33,85.77890625,-48.88591243631203
34,85.78125,-48.7303615337424
35,85.78359375000001,-48.84328305407035
36,85.7859375,-48.21748072950552
37,85.78828125000001,-48.924442965207064
38,85.790625,-49.2002496463947
39,85.79296875,-49.201767264392515
40,85.79531250000001,-48.89276173290846
41,85.79765625,-49.060304745103906
42,85.80000000000001,-48.85932305866774
43,85.80234375,-48.678626211512906
44,85.8046875,-48.84968719552628
45,85.80703125000001,-48.90186234737908
46,85.809375,-49.074486362289676
47,85.81171875000001,-48.91633686527438
48,85.8140625,-48.61867084527296
49,85.81640625,-48.46426025648259
50,85.81875000000001,-48.82810589028142
51,85.82109375,-49.34047590668105
52,85.82343750000001,-49.56767666690756
53,85.82578125,-49.34678232955288
54,85.828125,-48.90476724205806
55,85.83046875000001,-48.84852898831576
56,85.8328125,-48.96358696415844
57,85.83515625000001,-48.80381822384629
58,85.8375,-48.65478317831365
59,85.83984375,-48.82319595713166
60,85.84218750000001,-49.00656230915235
61,85.84453125,-49.56370338177776
62,85.84687500000001,-49.28161512460477
63,85.84921875,-49.285489865225244
64,85.8515625,-49.23087942210698
65,85.85390625000001,-49.09878833152958
66,85.85625,-49.05565369092055
67,85.85859375000001,-49.396308520070136
68,85.8609375,-49.30275327257196
69,85.86328125,-48.72679190402111
70,85.86562500000001,-49.0899409658746
71,85.86796875,-49.102498464326274
72,85.87031250000001,-48.86519107682092
73,85.87265625,-48.92070125453099
74,85.875,-49.008745241948155
75,85.87734375000001,-48.97416169605353
76,85.8796875,-49.357166074367136
77,85.88203125000001,-49.00957206170614
78,85.884375,-49.02566779156008
79,85.88671875,-49.36399357402185
80,85.88906250000001,-49.10035767424273
81,85.89140625,-48.8946301660127
82,85.89375000000001,-49.12030448293946
83,85.89609375,-49.408405065764136
84,85.8984375,-49.56180508318812
85,85.90078125000001,-49.410758626109825
86,85.903125,-49.397777640559504
87,85.90546875000001,-49.02250954460917
88,85.9078125,-48.97604238212726
89,85.91015625,-48.908021791149075
90,85.91250000000001,-48.5540978590803
91,85.91484375,-49.10436619724375
92,85.91718750000001,-49.031768063861406
93,85.91953125,-49.14735470213735
94,85.921875,-48.979670131147095
95,85.92421875000001,-49.00623873139501
96,85.9265625,-48.860357692368794
97,85.92890625000001,-48.8986039646237
98,85.93125,-49.122007804161576
99,85.93359375,-48.85179652252168
100,85.93593750000001,-48.950223059920575
101,85.93828125,-49.08986245413423
102,85.94062500000001,-48.937336457668444
103,85.94296875,-48.55249745332405
104,85.9453125,-48.565928349352596
105,85.94765625000001,-49.294961988943264
106,85.95,-49.28649958245779
107,85.95234375000001,-49.048510932416114
108,85.9546875,-49.197471692106014
109,85.95703125,-49.64359871322979
110,85.95937500000001,-49.097512919490086
111,85.96171875,-49.004772144257984
112,85.96406250000001,-49.242188826775646
113,85.96640625,-48.82997383997997
114,85.96875,-48.69234543631319
115,85.97109375000001,-49.290860568720625
116,85.9734375,-49.03884549933301
117,85.97578125000001,-48.959837344867864
118,85.978125,-48.83045410710909
119,85.98046875,-48.668228151932844
120,85.98281250000001,-48.820189351818904
121,85.98515625,-49.185729933657626
122,85.98750000000001,-49.556286232189976
123,85.98984375,-49.413697903352094
124,85.9921875,-49.28155529618179
125,85.99453125000001,-49.092042906734804
126,85.996875,-49.174668925937056
127,85.99921875000001,-49.360098916753145
128,86.0015625,-49.47285432377332
129,86.00390625,-49.448846593005484
130,86.00625000000001,-49.552036336715624
131,86.00859375,-49.35463159413658
132,86.01093750000001,-48.933966612863486
133,86.01328125,-48.93094891959298
134,86.015625,-48.84531752065924
135,86.01796875000001,-48.853944208454585
136,86.0203125,-48.6515111557359
137,86.02265625000001,-48.77111992029678
138,86.025,-48.87317571972912
139,86.02734375,-48.98153232805161
140,86.02968750000001,-49.03501480292284
141,86.03203125,-48.82232436231767
142,86.03437500000001,-48.71794975349593
143,86.03671875,-48.968729708156076
144,86.0390625,-49.3319099298862
145,86.04140625000001,-49.233408862976276
146,86.04375,-49.30309912936269
147,86.04609375000001,-49.607479861276715
148,86.0484375,-48.97640744660023
149,86.05078125,-48.78460048365818
150,86.05312500000001,-49.26285046729422
151,86.05546875,-49.55100366381171
152,86.05781250000001,-49.6662461199747
153,86.06015625,-48.94623921403493
154,86.0625,-48.869904218615105
155,86.06484375000001,-48.90602449321147
156,86.0671875,-48.95365877985486
157,86.06953125000001,-49.35656623371485
158,86.071875,-49.118984790390414
159,86.07421875,-48.70294407791273
160,86.07656250000001,-48.995158241294135
161,86.07890625,-48.99033752443101
162,86.08125000000001,-48.86575774254682
163,86.08359375,-49.15576644940812
164,86.0859375,-49.227741508442115
165,86.08828125000001,-49.34741841741732
166,86.090625,-49.252932053449136
167,86.09296875000001,-48.75158750738457
168,86.0953125,-48.842476734434925
169,86.09765625,-48.80694585223249
170,86.10000000000001,-49.03284172054044
171,86.10234375,-49.20857630284375
172,86.10468750000001,-49.12757181092439
173,86.10703125,-49.22555255984798
174,86.109375,-49.2377802277803
175,86.11171875000001,-48.97675732650282
176,86.1140625,-48.87450309731197
177,86.11640625000001,-48.044137751022504
178,86.11875,-48.27342727572365
179,86.12109375,-48.571532516427496
180,86.12343750000001,-48.936978075254494
181,86.12578125,-48.962568828609456
182,86.12812500000001,-48.84446008853109
183,86.13046875,-48.94067828003131
184,86.1328125,-49.30792770155393
185,86.13515625000001,-49.57972055154712
186,86.1375,-49.3905334305323
187,86.13984375000001,-49.099883970472256
188,86.1421875,-49.03603729192064
189,86.14453125,-49.22748148821783
190,86.14687500000001,-49.29915991320395
191,86.14921875,-48.88304321728299
192,86.15156250000001,-48.92418293911141
193,86.15390625,-48.74820103127365
194,86.15625,-49.0297436193724
195,86.15859375000001,-48.97745323049228
196,86.1609375,-48.56865953213182
197,86.16328125000001,-49.250126488638124
198,86.165625,-48.71097887790694
199,86.16796875,-48.26723329465683
200,86.17031250000001,-48.86324877126497
201,86.17265625,-49.37501645724497
202,86.17500000000001,-49.146691703621244
203,86.17734375,-49.00483392916769
204,86.1796875,-49.21995153532915
205,86.18203125000001,-48.76579449046113
206,86.184375,-49.357175638332215
207,86.18671875000001,-49.1835027959549
208,86.1890625,-49.41760684370279
209,86.19140625,-49.02661544983908
210,86.19375000000001,-48.91875924521025
211,86.19609375,-49.15196253060014
212,86.19843750000001,-49.22958940698968
213,86.20078125,-49.408042043298074
214,86.203125,-49.21297769309262
215,86.20546875000001,-49.18589299965141
216,86.2078125,-49.09116518498748
217,86.21015625000001,-49.044295751193104
218,86.2125,-48.944529774584936
219,86.21484375,-49.04308485917358
220,86.21718750000001,-48.76693020863006
221,86.21953125,-48.85896359637094
222,86.22187500000001,-48.70396259091211
223,86.22421875,-48.596960182946745
224,86.2265625,-48.835665029121174
225,86.22890625000001,-49.033364841514626
226,86.23125,-48.94197683916804
227,86.23359375000001,-48.80416958940955
228,86.2359375,-48.743063251196034
229,86.23828125,-48.49738120927637
230,86.24062500000001,-48.46044416369516
231,86.24296875,-48.937647079700575
232,86.24531250000001,-48.87843767657508
233,86.24765625,-48.54093818820743
234,86.25,-48.68510133824778
235,86.25234375000001,-48.561427905640514
236,86.2546875,-48.68621789241067
237,86.25703125000001,-48.71924847837144
238,86.259375,-48.676073685776124
239,86.26171875,-48.3725384704362
240,86.26406250000001,-48.703260315959085
241,86.26640625,-48.88587587849414
242,86.26875000000001,-48.745395830381035
243,86.27109375,-49.21058085640759
244,86.2734375,-49.136937040557356
245,86.27578125000001,-48.641083155627086
246,86.278125,-48.52847405580731
247,86.28046875000001,-49.12529558677938
248,86.2828125,-49.0272942031898
249,86.28515625,-48.87895233075278
250,86.28750000000001,-48.40590234290068
251,86.28984375,-48.42532774257484
252,86.29218750000001,-48.79787005396035
253,86.29453125,-49.0248475102538
254,86.296875,-48.93003413075184
255,86.29921875000001,-48.678844939486254
256,86.3015625,-48.638742149897745
257,86.30390625000001,-48.71455889810547
258,86.30625,-48.66522929176942
259,86.30859375,-48.45964349532398
260,86.31093750000001,-48.805543872897445
261,86.31328125,-48.737179127011984
262,86.31562500000001,-48.58311983459209
263,86.31796875,-48.62793181046164
264,86.3203125,-49.106826012888064
265,86.32265625000001,-48.4832494303821
266,86.325,-48.237722780117316
267,86.32734375000001,-48.58082649721226
268,86.3296875,-48.63003029418454
269,86.33203125,-48.6472403078147
270,86.33437500000001,-48.519253069047295
271,86.33671875,-48.861953397380915
272,86.33906250000001,-49.15415844955254
273,86.34140625,-48.921308737601606
274,86.34375,-48.53965923264901
275,86.34609375000001,-48.481251385963475
276,86.3484375,-48.699988067984215
277,86.35078125000001,-48.56279213619268
278,86.353125,-48.66015498601412
279,86.35546875,-48.739346386657374
280,86.35781250000001,-48.906983118907874
281,86.36015625,-48.484066476717956
282,86.36250000000001,-48.86622160861079
283,86.36484375,-48.46784865321518
284,86.3671875,-48.51752811436352
285,86.36953125000001,-48.652235009484535
286,86.371875,-48.67715918977564
287,86.37421875000001,-48.53580370873879
288,86.3765625,-48.72437761683895
289,86.37890625,-48.487902097306765
290,86.38125000000001,-48.62098488655653
291,86.38359375,-49.32199317776288
292,86.38593750000001,-49.248255098521255
293,86.38828125,-49.284511966128264
294,86.390625,-48.91107461997328
295,86.39296875000001,-49.3196207177785
296,86.3953125,-48.91925970753852
297,86.39765625000001,-36.9861874685335
298,86.4,-31.218495523129008
299,86.40234375,-36.942637781989916
300,86.40468750000001,-49.11352175621494
301,86.40703125,-49.15293901876175
302,86.40937500000001,-49.11327111458138
303,86.41171875,-49.14458359836117
304,86.4140625,-49.064775050085004
305,86.41640625000001,-48.684301471169675
306,86.41875,-48.64444431974178
307,86.42109375000001,-48.79616379091629
308,86.4234375,-48.176983109055485
309,86.42578125,-48.426736991065205
310,86.42812500000001,-48.63543155752392
311,86.43046875,-48.5042095109672
312,86.43281250000001,-48.86785782590618
313,86.43515625,-49.06317532548161
314,86.4375,-48.93670789003511
315,86.43984375000001,-49.023368101442955
316,86.4421875,-48.76482305672715
317,86.44453125000001,-48.95360614627108
318,86.446875,-48.93204110103835
319,86.44921875,-49.02017077611948
320,86.45156250000001,-49.53453279492827
321,86.45390625,-49.008135320783595
322,86.45625000000001,-48.55354614484774
323,86.45859375,-48.83362861002891
324,86.4609375,-49.137835983249175
325,86.46328125000001,-49.199068656887796
326,86.465625,-49.149953221117435
327,86.46796875000001,-49.146668705377394
328,86.4703125,-49.08597777269854
329,86.47265625,-48.823074723900206
330,86.47500000000001,-48.52831061101463
331,86.47734375,-48.643013281487896
332,86.47968750000001,-48.85026039215263
333,86.48203125,-48.87879811992334
334,86.484375,-48.76433639506008
335,86.48671875000001,-48.818043474778236
336,86.4890625,-48.97108894046043
337,86.49140625000001,-49.20297451913388
338,86.49375,-49.07635050560907
339,86.49609375,-49.07793539790831
340,86.49843750000001,-49.047084668354756
341,86.50078125,-48.49028472709914
342,86.50312500000001,-48.669470284546186
343,86.50546875,-48.793515000387785
344,86.5078125,-48.784308912648456
345,86.51015625000001,-48.93504658924202
346,86.5125,-48.7312148687668
347,86.51484375000001,-48.901168486994806
348,86.5171875,-48.792183793939834
349,86.51953125,-48.78171390690231
350,86.52187500000001,-48.7591888477127
351,86.52421875,-49.38299801563212
352,86.52656250000001,-49.204426783054664
353,86.52890625,-49.09967609188189
354,86.53125,-49.27724065114901
355,86.53359375000001,-48.87569119323504
356,86.5359375,-48.51490642209897
357,86.53828125000001,-48.77386863700504
358,86.540625,-49.19342981845436
359,86.54296875,-49.04788658012169
360,86.54531250000001,-48.55585882368847
361,86.54765625,-48.822465116386155
362,86.55000000000001,-49.08572221563479
363,86.55234375,-48.64811510525202
364,86.5546875,-48.712364709285154
365,86.55703125000001,-48.58996524660484
366,86.559375,-48.93825028842415
367,86.56171875000001,-49.05411257579423
368,86.5640625,-48.69538568580001
369,86.56640625,-48.8234957363922
370,86.56875000000001,-48.65523591672333
371,86.57109375,-49.076693970620084
372,86.57343750000001,-49.0686130980875
373,86.57578125,-48.973814206811994
374,86.578125,-48.98128191027691
375,86.58046875000001,-48.91915148817688
376,86.5828125,-48.97733271484803
377,86.58515625000001,-48.69364499223251
378,86.5875,-48.82082919395199
379,86.58984375,-49.21196297779127
380,86.59218750000001,-49.38721397598628
381,86.59453125,-49.23007832388302
382,86.59687500000001,-48.62495842057717
383,86.59921875,-48.89956362421762
384,86.6015625,-49.14759645647387
385,86.60390625000001,-49.04207353014749
386,86.60625,-49.39637397214982
387,86.60859375000001,-49.117215184721275
388,86.6109375,-48.95220280499871
389,86.61328125,-49.05595175679664
390,86.61562500000001,-49.182989466668666
391,86.61796875,-49.473077741860166
392,86.62031250000001,-49.34883827701225
393,86.62265625,-49.38472512335142
394,86.625,-49.30134886363129
395,86.62734375000001,-49.35180899043704
396,86.6296875,-49.65188840344066
397,86.63203125000001,-49.526567937093674
398,86.634375,-48.894669920489164
399,86.63671875,-48.67644664727081
400,86.63906250000001,-48.950599369508595
401,86.64140625,-49.31722413084921
402,86.64375000000001,-49.10003046771426
403,86.64609375,-49.001507811158184
404,86.6484375,-49.217505725784235
405,86.65078125000001,-49.42175955287092
406,86.653125,-48.865621973413944
407,86.65546875000001,-49.021431845445036
408,86.6578125,-49.21469955685452
409,86.66015625,-49.22900209890458
410,86.66250000000001,-49.38716184076802
411,86.66484375,-49.313763508334176
412,86.66718750000001,-49.52135222476957
413,86.66953125,-49.46498191077708
414,86.671875,-49.16941077378792
415,86.67421875000001,-49.32413425753947
416,86.6765625,-49.71069021928479
417,86.67890625000001,-49.76776222545734
418,86.68125,-49.182505348158266
419,86.68359375,-49.29695597372171
420,86.68593750000001,-49.305181205192234
421,86.68828125,-49.12212896042074
422,86.69062500000001,-49.283560506705655
423,86.69296875,-49.03312045308037
424,86.6953125,-49.10038059518151
425,86.69765625000001,-49.082864008729594
426,86.7,-48.885405270706926
427,86.70234375000001,-48.760917619202424
428,86.7046875,-49.43515200506785
429,86.70703125,-49.30675011008109
430,86.70937500000001,-49.03964065759933
431,86.71171875,-49.175059620862484
432,86.71406250000001,-49.33744919152616
433,86.71640625,-48.994554439361664
434,86.71875,-49.01080007100187
435,86.72109375000001,-48.997502999359654
436,86.7234375,-49.08882229840828
437,86.72578125000001,-49.428768917097734
438,86.728125,-49.54611458469057
439,86.73046875,-49.230035218105925
440,86.73281250000001,-49.38690124064309
441,86.73515625,-49.372240692636765
442,86.73750000000001,-49.58836361774332
443,86.73984375,-49.730768664234176
444,86.7421875,-49.544618433970555
445,86.74453125000001,-49.32393292562361
446,86.746875,-49.10671682360948
447,86.74921875000001,-49.39997355833236
448,86.7515625,-49.446164158327406
449,86.75390625,-49.47483030828174
450,86.75625000000001,-49.63592683447277
451,86.75859375,-49.40875557208564
452,86.76093750000001,-49.490603384580744
453,86.76328125,-49.380762879107735
454,86.765625,-49.65496284084978
455,86.76796875000001,-49.290851519224304
456,86.7703125,-48.97989143837049
457,86.77265625000001,-48.927691241339815
458,86.775,-49.29341578026755
459,86.77734375,-49.669391470989154
460,86.77968750000001,-49.31118736395472
461,86.78203125,-48.95536037675677
462,86.78437500000001,-49.16411987717759
463,86.78671875,-49.40898513107346
464,86.7890625,-49.59358482466041
465,86.79140625000001,-49.14294953785836
466,86.79375,-49.38273501263175
467,86.79609375000001,-49.18665718094828
468,86.7984375,-49.31249918388297
469,86.80078125,-49.523844889712116
470,86.80312500000001,-49.74835073115567
471,86.80546875,-49.35912000963334
472,86.80781250000001,-49.44695431242357
473,86.81015625,-49.73829855880535
474,86.8125,-49.44960238406943
475,86.81484375000001,-49.25110741766544
476,86.8171875,-49.38481234063574
477,86.81953125000001,-48.957450953539194
478,86.821875,-48.773164134771385
479,86.82421875,-49.13894270885626
480,86.82656250000001,-49.77392886407384
481,86.82890625,-49.75629916980602
482,86.83125000000001,-49.3439128748883
483,86.83359375,-49.19047930615242
484,86.8359375,-49.030346592117624
485,86.83828125000001,-48.94501283802076
486,86.840625,-49.23250597191864
487,86.84296875000001,-48.91832072577776
488,86.8453125,-49.21070924551462
489,86.84765625,-49.543227834679456
490,86.85000000000001,-49.56580543175506
491,86.85234375,-49.31732758831268
492,86.85468750000001,-49.29342288087074
493,86.85703125,-49.42508865863495
494,86.859375,-49.608009297796215
495,86.86171875000001,-49.77671239908841
496,86.8640625,-49.73369226203402
497,86.86640625000001,-49.127693376791974
498,86.86875,-49.43326787844985
499,86.87109375,-49.58294269291021
500,86.87343750000001,-49.57319763741678
501,86.87578125,-49.671163325888955
502,86.87812500000001,-49.05860233239323
503,86.88046875,-48.953500773578625
504,86.8828125,-48.9302901238635
505,86.88515625000001,-49.345540770928636
506,86.8875,-49.816728026899426
507,86.88984375000001,-49.53817816187956
508,86.8921875,-49.38915258504343
509,86.89453125,-49.30434968012968
510,86.89687500000001,-49.706072547844514
511,86.89921875,-49.5699498931181
512,86.90156250000001,-49.79826866275323
513,86.90390625,-49.562230814627945
514,86.90625,-49.495247842797994
515,86.90859375000001,-49.55751473807218
516,86.9109375,-48.98429378524491
517,86.91328125000001,-49.178234150174376
518,86.915625,-49.65741632479934
519,86.91796875,-49.420579745632445
520,86.92031250000001,-49.627320943029815
521,86.92265625,-49.64694352878979
522,86.92500000000001,-49.44439685760243
523,86.92734375,-49.07221581794158
524,86.9296875,-48.82049582559124
525,86.93203125000001,-49.27805076148678
526,86.934375,-49.250853029016554
527,86.93671875000001,-49.33308209248159
528,86.9390625,-49.5324543348158
529,86.94140625,-49.12922675486936
530,86.94375000000001,-48.80444143286564
531,86.94609375,-49.055912489517546
532,86.94843750000001,-49.08506143744133
533,86.95078125,-49.058647817769256
534,86.953125,-49.28705479107802
535,86.95546875000001,-49.479686079678814
536,86.9578125,-49.50770235771508
537,86.96015625000001,-49.475352875366035
538,86.9625,-49.01948665038368
539,86.96484375,-49.07681838592866
540,86.96718750000001,-49.22771714375102
541,86.96953125,-49.0540057033795
542,86.97187500000001,-48.91902610699041
543,86.97421875,-48.82013606095974
544,86.9765625,-48.96138374968957
545,86.97890625000001,-48.639918639919024
546,86.98125,-49.32220898558235
547,86.98359375000001,-49.38163772564687
548,86.9859375,-49.13809670881364
549,86.98828125,-49.20167597749114
550,86.99062500000001,-49.199870896457234
551,86.99296875,-48.964029562510014
552,86.99531250000001,-49.67756744373993
553,86.99765625,-49.25504073842613
554,87.0,-48.827310923679036
555,87.00234375000001,-48.8574038791704
556,87.0046875,-49.125392189533216
557,87.00703125000001,-49.452508115009415
558,87.009375,-49.335015405797435
559,87.01171875,-49.17952370253324
560,87.01406250000001,-49.241993049947865
561,87.01640625,-49.18425488003683
562,87.01875000000001,-49.34864855085501
563,87.02109375,-49.436961861635886
564,87.0234375,-49.463936862586436
565,87.02578125000001,-48.89100875485249
566,87.028125,-49.16043282538971
567,87.03046875000001,-49.299099407603364
568,87.0328125,-49.58559504372836
569,87.03515625,-50.0502622904004
570,87.03750000000001,-49.22532005864451
571,87.03984375,-49.201718962235205
572,87.04218750000001,-49.26377006816618
573,87.04453125,-49.33468042232556
574,87.046875,-49.71450329232526
575,87.04921875000001,-49.02452606675995
576,87.0515625,-48.75579054701277
577,87.05390625000001,-49.14130176430943
578,87.05625,-49.45013235604289
579,87.05859375,-49.68798473027377
580,87.06093750000001,-49.365136625911035
581,87.06328125,-49.31927352619074
582,87.06562500000001,-48.728540791258155
583,87.06796875,-48.93621266682238
584,87.0703125,-49.235900202836014
585,87.07265625000001,-48.913212285768076
586,87.075,-48.69206781084506
587,87.07734375000001,-49.33755402228595
588,87.0796875,-48.74194541709022
589,87.08203125,-48.796452482696
590,87.08437500000001,-49.740018953968494
591,87.08671875,-49.64061422718987
592,87.08906250000001,-48.96265865838015
593,87.09140625,-48.93418912580764
594,87.09375,-48.826840880365225
595,87.09609375000001,-48.86945246786523
596,87.0984375,-48.78036766225351
597,87.10078125000001,-49.04074275071753
598,87.103125,-48.63491044473328
599,87.10546875,-49.092589343038384
600,87.10781250000001,-49.42317213666206
601,87.11015625,-49.238773350164955
602,87.11250000000001,-49.568782899086365
603,87.11484375,-49.11897212259149
604,87.1171875,-49.10496650687534
605,87.11953125000001,-49.0066229301835
606,87.121875,-48.86993684148823
607,87.12421875000001,-48.86403093281718
608,87.1265625,-48.94842920047667
609,87.12890625,-48.99025836121811
610,87.13125000000001,-48.54467855646311
611,87.13359375,-48.557748915746814
612,87.13593750000001,-48.67101421100867
613,87.13828125,-49.07563361332322
614,87.140625,-49.16469149113151
615,87.14296875000001,-48.937991015192694
616,87.1453125,-49.2418560335706
617,87.14765625000001,-49.10403022259548
618,87.15,-48.471018223044865
619,87.15234375,-48.51206642539119
620,87.15468750000001,-48.80256345507885
621,87.15703125,-48.755692217854055
622,87.15937500000001,-49.140187271504
623,87.16171875,-49.31908350740537
624,87.1640625,-49.66936957332392
625,87.16640625000001,-49.36947627073745
626,87.16875,-49.29766275440977
627,87.17109375000001,-49.57254946683384
628,87.1734375,-49.85922113712567
629,87.17578125,-49.29963063061397
630,87.17812500000001,-49.3982404940808
631,87.18046875,-49.40778243598086
632,87.18281250000001,-49.24218898729747
633,87.18515625,-48.94363130418111
634,87.1875,-48.68819326794102
635,87.18984375000001,-48.901035198866374
636,87.1921875,-49.50862795919961
637,87.19453125000001,-49.46279463256664
638,87.196875,-49.329745200871685
639,87.19921875,-49.34705414595402
640,87.20156250000001,-49.6742916696724
641,87.20390625,-49.59310643733118
642,87.20625000000001,-49.78885811970055
643,87.20859375,-49.6564677276616
644,87.2109375,-49.099856919306966
645,87.21328125000001,-49.465060683308444
646,87.215625,-49.294489440837225
647,87.21796875000001,-49.17656168863438
648,87.2203125,-49.49276337177572
649,87.22265625,-49.46653037870719
650,87.22500000000001,-49.07392749685287
651,87.22734375,-49.571935027814725
652,87.22968750000001,-49.71775850192081
653,87.23203125,-49.61743571093339
654,87.234375,-49.49374197049261
655,87.23671875000001,-49.04259306445998
656,87.2390625,-49.091287889759315
657,87.24140625000001,-49.602925849736614
658,87.24375,-49.6462813752122
659,87.24609375,-49.18418302311977
660,87.24843750000001,-49.00115141556044
661,87.25078125,-49.262557237651556
662,87.25312500000001,-49.52792504495616
663,87.25546875,-49.517696135453434
664,87.2578125,-49.69180849728217
665,87.26015625000001,-49.16451826591355
666,87.2625,-50.01634585937523
667,87.26484375000001,-49.937779609381494
668,87.2671875,-50.0888120618779
669,87.26953125,-50.14476309033302
670,87.27187500000001,-49.84053816143589
671,87.27421875,-49.47521369480799
672,87.27656250000001,-49.46600804488307
673,87.27890625,-49.322339476729155
674,87.28125,-49.651456949655966
675,87.28359375000001,-49.46106453349165
676,87.2859375,-49.577712475493115
677,87.28828125000001,-49.759116853688134
678,87.290625,-49.64574652301377
679,87.29296875,-49.632199416551224
680,87.29531250000001,-49.44574267266545
681,87.29765625,-49.78061674649751
682,87.30000000000001,-49.84731999563316
683,87.30234375,-50.00392199803369
684,87.3046875,-50.110610444430186
685,87.30703125000001,-49.760081396583864
686,87.309375,-49.897729988602165
687,87.31171875000001,-49.55419701237946
688,87.3140625,-49.95055281720796
689,87.31640625,-50.288237225990436
690,87.31875000000001,-49.99625228549843
691,87.32109375,-49.95233090637402
692,87.32343750000001,-50.24992567438153
693,87.32578125,-49.92201713081588
694,87.328125,-49.988054668361855
695,87.33046875000001,-49.924986161875154
696,87.3328125,-49.85482208022362
697,87.33515625000001,-49.82865171971126
698,87.3375,-49.84566338239327
699,87.33984375,-49.85987869660348
700,87.34218750000001,-49.731760833562404
701,87.34453125,-49.81112987877992
702,87.34687500000001,-49.692598845752286
703,87.34921875,-49.837593782781966
704,87.3515625,-49.942700306884916
705,87.35390625000001,-49.857663170430015
706,87.35625,-50.10227348788932
707,87.35859375000001,-50.51109610887173
708,87.3609375,-50.04899389264806
709,87.36328125,-49.813940576058506
710,87.36562500000001,-50.19090132833269
711,87.36796875,-50.22676165887425
712,87.37031250000001,-49.98505047226655
713,87.37265625,-49.977785316857066
714,87.375,-50.12974871906691
715,87.37734375000001,-49.97950879425424
716,87.3796875,-50.19417750276539
717,87.38203125000001,-50.49242903359865
718,87.384375,-50.58301850802824
719,87.38671875,-50.646669489618176
720,87.38906250000001,-50.27047835658348
721,87.39140625,-50.602302833414285
722,87.39375000000001,-50.54452691999121
723,87.39609375,-50.46288078380282
724,87.3984375,-51.186753293552094
725,87.40078125000001,-50.60184896312347
726,87.403125,-50.31280952991202
727,87.40546875000001,-50.70578684135068
728,87.4078125,-50.464471462765474
729,87.41015625,-50.811639710028224
730,87.41250000000001,-50.965106483248654
731,87.41484375,-50.812837647823166
732,87.41718750000001,-50.55778854965355
733,87.41953125,-50.67864088896634
734,87.421875,-50.47730045639953
735,87.42421875000001,-50.48191123407099
736,87.4265625,-50.8757197505155
737,87.42890625000001,-50.37906027689584
738,87.43125,-50.28547060091145
739,87.43359375,-50.646981226731924
740,87.43593750000001,-50.79466378381962
741,87.43828125,-50.791014026150506
742,87.44062500000001,-50.67574331884356
743,87.44296875,-50.60219323756411
744,87.4453125,-50.91299931384487
745,87.44765625000001,-51.11604487308698
746,87.45,-50.809448653474135
747,87.45234375000001,-51.443534723044245
748,87.4546875,-51.330245041315266
749,87.45703125,-51.29292422977352
750,87.45937500000001,-51.66809330584081
751,87.46171875,-51.47230687921443
752,87.46406250000001,-51.161102794254994
753,87.46640625,-51.14723010482173
754,87.46875,-51.56399843826602
755,87.47109375000001,-51.475257318705246
756,87.4734375,-51.15224826954089
757,87.47578125000001,-51.053941760005245
758,87.478125,-50.99926185690252
759,87.48046875,-51.21387257066553
760,87.48281250000001,-51.59715474596034
761,87.48515625,-51.75879547890861
762,87.48750000000001,-51.89040060584831
763,87.48984375,-52.30257719705829
764,87.4921875,-51.51567472492453
765,87.49453125000001,-51.52483623035604
766,87.496875,-51.42119244600693
767,87.49921875000001,-51.40648178603379
768,87.5015625,-51.8216380726312
769,87.50390625,-52.07898770208703
770,87.50625000000001,-51.35833497500673
771,87.50859375,-51.06288424891952
772,87.51093750000001,-51.27697122651015
773,87.51328125,-51.17444206283488
774,87.515625,-51.55050910934675
775,87.51796875000001,-51.49890150877077
776,87.5203125,-51.13322804794488
777,87.52265625000001,-50.9731810060336
778,87.525,-51.41243106386226
779,87.52734375,-51.49507185204023
780,87.52968750000001,-51.43259888641403
781,87.53203125,-51.8001478044998
782,87.53437500000001,-51.38725065457817
783,87.53671875,-51.701863416509354
784,87.5390625,-51.83433576111454
785,87.54140625000001,-51.82833402984497
786,87.54375,-51.583203020736306
787,87.54609375000001,-51.82729277055502
788,87.5484375,-50.99470342920195
789,87.55078125,-51.00669326934046
790,87.55312500000001,-51.37308177648018
791,87.55546875,-51.86499704825106
792,87.55781250000001,-52.14746413840863
793,87.56015625,-52.058745346817624
794,87.5625,-51.56508438150837
795,87.56484375000001,-51.559677720895564
796,87.5671875,-51.68758036783434
797,87.56953125000001,-51.43106088656541
798,87.571875,-51.354249932660466
799,87.57421875,-51.819802262197214
800,87.57656250000001,-52.30212069617055
801,87.57890625,-52.042675262575536
802,87.58125000000001,-51.81991660790226
803,87.58359375,-51.71001245124479
804,87.5859375,-52.09885695044438
805,87.58828125000001,-51.865565258886704
806,87.590625,-51.7001643611059
807,87.59296875000001,-51.959388347096
808,87.5953125,-51.58535448952544
809,87.59765625,-51.798914643931084
